Statistics.
COUNT: 400
MEAN: 242.32
MEDIAN: 239.5
MODE: 393.0
STD DEV: 145.25810683056557
VAR: 21205.947336683414


Time of execution: 0.558853 milliseconds
