Statistics.
COUNT: 12624
MEAN: 149.00267347908746
MEDIAN: 147.75
MODE: 123.75
STD DEV: 130.41441961308902
VAR: 17010.615807500402


Time of execution: 6.822824 milliseconds
