Statistics.
COUNT: 12624
MEAN: 249.77621989860583
MEDIAN: 249.0
MODE: 94.0
STD DEV: 145.3178498091797
VAR: 21120.623579560575


Time of execution: 6.063223 milliseconds
