Statistics.
COUNT: 311
MEAN: 241.49511400651465
MEDIAN: 241.0
MODE: 393.0
STD DEV: 145.46484786056646
VAR: 21298.77620547872


Time of execution: 0.461817 milliseconds
