Statistics.
COUNT: 1977
MEAN: 250.7840161861406
MEDIAN: 247.0
MODE: 230.0
STD DEV: 144.17131868884064
VAR: 20806.41760755012


Time of execution: 1.358986 milliseconds
